pattern_cols: 10
pattern_rows: 7
center_distance_mm: 40

# 重投影误差: 0.1716px
camera_matrix: [1316.9221782100258, 0, 650.3250096227556, 0, 1320.0112723888767, 499.58660987968153, 0, 0, 1]
distort_coeffs: [-0.48677235493451132, 0.21780318181354374, -0.00057293918183748513, -0.00087759320577333552, 0]

R_gimbal2imubody: [1, 0, 0, 0, 1, 0, 0, 0, 1]