# enemy_color: "red"
enemy_color: "blue"

#####-----神经网络参数-----#####
classify_model: assets/tiny_resnet.onnx
yolo11_model_path: assets/yolo11.xml
yolov8_model_path: assets/yolov8.xml
device: AUTO
min_confidence: 0.8

#####-----ROI-----#####
roi: 
  x: 420
  y: 50
  width: 600
  height: 600

use_roi: false

#####-----传统方法参数-----#####
threshold: 150
max_angle_error: 45 # degree
min_lightbar_ratio: 1.5
max_lightbar_ratio: 20
min_lightbar_length: 8
min_armor_ratio: 1
max_armor_ratio: 5
max_side_ratio: 1.5
max_rectangular_error: 25 # degree
min_confidence: 0.8

#####-----tracker参数-----#####
min_detect_count: 5
max_temp_lost_count: 15
outpost_max_temp_lost_count: 75

#####-----aimer参数-----#####
yaw_offset: -2.3 # degree -2.5
pitch_offset: 1.5 # degree 2
comming_angle: 70 # degree
leaving_angle: 30 # degree
min_spin_speed: 2 # rad/s

camera_name: "hikrobot"
exposure_ms: 4
gain: 16.98
vid_pid: "2bdf:0001"

# 重投影误差: 0.1712px
camera_matrix: [1606.4621945373342, 0, 718.35189471286367, 0, 1607.7959825661596, 556.20295066305948, 0, 0, 1]
distort_coeffs: [-0.11902379858301006, 0.10035853057524424, 5.8754877878169769e-05, -0.00053565612841224299, 0]

# -1  0  0
#  0 -1  0
#  0  0  1
R_gimbal2imubody: [-1, 0, 0, 0, -1, 0, 0, 0, 1]

# 相机同理想情况的偏角: yaw0.74 pitch-0.87 roll-0.53 degree
R_camera2gimbal: [-0.012855058618001625, -0.015368922608381656, 0.99979925169295136, -0.99987537257557457, -0.0089665286314890569, -0.012993870907345075, 0.0091644304124044815, -0.99984168625945891, -0.015251741967982957]
t_camera2gimbal: [0.14876739282980397, 0.10329719519525619, 0.03755349044195732]


#####-----cboard参数-----#####
quaternion_canid: 0x100
bullet_speed_canid: 0x101
send_canid: 0xff
can_interface: "can0"
