# enemy_color: "red"
enemy_color: "blue"

#####-----神经网络参数-----#####
classify_model: assets/tiny_resnet.onnx
yolo11_model_path: assets/yolo11.xml
yolov8_model_path: assets/yolov8.xml
device: AUTO
min_confidence: 0.8

#####-----ROI-----#####
roi: 
  x: 420
  y: 50
  width: 600
  height: 600

use_roi: false

#####-----传统方法参数-----#####
threshold: 150
max_angle_error: 45 # degree
min_lightbar_ratio: 1.5
max_lightbar_ratio: 20
min_lightbar_length: 8
min_armor_ratio: 1
max_armor_ratio: 5
max_side_ratio: 1.5
max_rectangular_error: 25 # degree
min_confidence: 0.8

#####-----tracker参数-----#####
min_detect_count: 5
max_temp_lost_count: 15
outpost_max_temp_lost_count: 75

#####-----aimer参数-----#####
yaw_offset: 0.3 # degree -2.5
pitch_offset: -2.5 # degree 2
comming_angle: 60 # degree
leaving_angle: 30 # degree
min_spin_speed: 2 # rad/s

camera_name: "hikrobot"
exposure_ms: 1.5
gain: 16.5
vid_pid: "2bdf:0001"

# -1  0  0
#  0 -1  0
#  0  0  1
R_gimbal2imubody: [-1, 0, 0, 0, -1, 0, 0, 0, 1]

# 重投影误差: 0.1032px
camera_matrix: [1787.2681321573959, 0, 708.65060851446765, 0, 1789.8745924071843, 544.16821253357898, 0, 0, 1]
distort_coeffs: [-0.079933462184533871, 0.15812808285479071, 0.0016516648078142863, -0.0024638024429311229, 0]

# 相机同理想情况的偏角: yaw-0.82 pitch1.60 roll0.11 degree
R_camera2gimbal: [0.014421280056273522, 0.027812004590745072, 0.99950913906886463, -0.99989415313208241, 0.0023265126753642118, 0.014362098420744436, -0.0019259319339756764, -0.99961046400056042, 0.027842612068014416]
t_camera2gimbal: [0.12765651971649206, 0.0089213516774438693, 0.04201131359080381]

#####-----cboard参数-----#####
quaternion_canid: 0x100
bullet_speed_canid: 0x101
send_canid: 0xff
can_interface: "can0"
