# enemy_color: "red"
enemy_color: "blue"


#####-----神经网络参数-----#####
yolo_name: yolov5
classify_model: assets/tiny_resnet.onnx
yolo11_model_path: assets/yolo11.xml
yolov8_model_path: assets/yolov8.xml
yolov5_model_path: assets/yolov5.xml
device: CPU
min_confidence: 0.8
use_traditional: true

#####-----ROI-----#####
roi: 
  x: 420
  y: 50
  width: 600
  height: 600

use_roi: false

#####-----工业相机参数-----#####
camera_name: "hikrobot"
exposure_ms: 1
gain: 16.9
vid_pid: "2bdf:0001"

#####-----USB相机参数-----#####
image_width: 640
image_height: 360
new_image_width: 1280
new_image_height: 720
fov_h: 87.7
fov_v: 56.7 
new_fov_h: 67
new_fov_v: 40.9
usb_frame_rate: 100
usb_exposure: 315 #1-80000______250
usb_gamma: 160
usb_gain: 10 #0-96


#####-----传统方法参数-----#####
threshold: 150
max_angle_error: 45 # degree
min_lightbar_ratio: 1.5
max_lightbar_ratio: 20
min_lightbar_length: 8
min_armor_ratio: 1
max_armor_ratio: 5
max_side_ratio: 1.5
max_rectangular_error: 25 # degree
min_confidence: 0.8

#####-----cboard参数-----#####
quaternion_canid: 0x001
bullet_speed_canid: 0x110
send_canid: 0xff
can_interface: "can0"

#####-----tracker参数-----#####
min_detect_count: 5
max_temp_lost_count: 15
outpost_max_temp_lost_count: 150

#####-----aimer参数-----#####
yaw_offset: -1 # degree -2.5
pitch_offset: -0.5 # degree 2
comming_angle: 70 # degree
leaving_angle: 30 # degree
min_spin_speed: 2 # rad/s
decision_speed: 12 # rad/s
high_speed_delay_time: 0.005 # s
low_speed_delay_time: 0.005 # s

#####-----decider参数-----#####
mode: 1

#####-----shooter参数-----#####
first_tolerance: 2 # 近距离射击容差，degree
second_tolerance: 0.8 # 远距离射击容差，degree
judge_distance: 0.5 #距离判断阈值
auto_fire: true # 是否由自瞄控制射击

#####-----工业相机标定参数-----#####
R_gimbal2imubody: [1, 0, 0, 0, 1, 0, 0, 0, 1]

# # 重投影误差: 0.2741px
# camera_matrix: [4717.7165155880966, 0, 732.84935042074346, 0, 4721.8122378933986, 602.64198585583313, 0, 0, 1]
# distort_coeffs: [0.010560180696649799, 0.13548488761777819, 0.0053104907579032273, -0.00013726143475549784, 0]


# # 相机同理想情况的偏角: yaw-3.37 pitch0.05 roll12.30 degree
# # 标定板到世界坐标系原点的水平距离: 3.05 m
# # 标定板同竖直摆放时的偏角: yaw166.08 pitch18.54 roll15.05 degree
# R_camera2gimbal: [0.057561599208233824, -0.011684998695690306, 0.99827357127296135, -0.975355917589948, 0.21267738756065616, 0.058729573833333444, -0.21299647020282123, -0.97705260330539845, 0.00084501791854826955]
# t_camera2gimbal: [0.035546535899388505, 0.00017554008060776514, -0.029174275981649712]

# # 重投影误差: 0.1025px
# camera_matrix: [5107.9926205390439, 0, 1042.3777315672719, 0, 5103.9146124062263, 285.05418641581986, 0, 0, 1]
# distort_coeffs: [0.05708375399248982, -0.038637143028055987, -0.012119571607226031, 0.021066101861835072, 0]
# # 相机同理想情况的偏角: yaw0.78 pitch1.68 roll8.59 degree
# # 标定板到世界坐标系原点的水平距离: 4.22 m
# # 标定板同竖直摆放时的偏角: yaw4.62 pitch18.03 roll9.55 degree
# R_camera2gimbal: [-0.0091038527101292444, 0.030945671467168825, 0.99947960723732554, -0.98875211670858165, 0.1489423077682919, -0.013617659892755827, -0.14928620689846622, -0.98836155043288776, 0.029241649333902268]
# t_camera2gimbal: [-0.23378783343465656, -0.13374725861085293, 0.075118556273908191]

# 重投影误差: 0.0980px
camera_matrix: [5192.9291549994978, 0, 1057.253373422302, 0, 5184.3402390265237, 249.05144222968889, 0, 0, 1]
distort_coeffs: [0.053073065200357032, -0.04856267493141813, -0.012194236880295341, 0.021154280043579839, 0]
# 相机同理想情况的偏角: yaw1.23 pitch2.41 roll4.32 degree
# 标定板到世界坐标系原点的水平距离: 4.14 m
# 标定板同竖直摆放时的偏角: yaw-101.58 pitch17.79 roll5.01 degree
R_camera2gimbal: [-0.018269879956715314, 0.043534888998584126, 0.9988848406729619, -0.9969918883184461, 0.074469760001812157, -0.02148090948939739, -0.075321883364573322, -0.9962725371529384, 0.042043377614793868]
t_camera2gimbal: [-0.39548759791361399, -0.13857729355358647, 0.10412097115930212]